168 167 167 163 163 159 159 158 160 169 175 182 180 171 151 111  80  82  90  95  96  97  98  98  98  94 102 109 113 117 122 124 129 126 131 127 125 126 126 130 129 131 131 132 132 129 133 130 132 134 133 133 133 129 127 127 129 130 128 129 131 133 129 130 135 125 128 128 125 129 124 126 126 125 122 123 117 114 106  94 102 129 147 158 165 161 153 155 158 159 160 157 156 156 156 157 159 160 162 158 167 218 235 240 234 161  89  97 108 114 115 114 117 115 115 115 118 119 120 115 119 121 120 117 109 113 169 169
166 165 164 159 160 157 157 157 158 167 177 182 180 169 145 109  79  78  87  95  94  93  94  95  95  95 101 109 115 119 119 122 127 126 128 127 126 127 126 129 130 132 131 132 130 129 129 128 131 131 130 130 132 129 126 126 128 129 125 128 130 130 128 129 132 126 125 126 124 125 123 126 125 124 124 121 117 114 105  94  99 124 144 156 164 162 155 155 156 156 158 158 156 156 157 156 157 159 160 157 160 207 234 239 238 184  97  94 107 112 114 114 117 115 115 117 119 118 118 117 118 121 120 119 114 121 124  87
161 160 161 159 159 159 157 157 159 170 177 180 177 165 139 107  76  75  84  90  92  93  93  91  91  95 100 107 114 118 119 121 123 125 125 127 128 127 126 126 128 131 130 131 130 128 130 130 129 127 128 127 128 128 125 124 128 127 124 126 128 128 127 126 128 127 125 124 123 124 123 123 124 124 123 122 117 112 106  99  93 108 134 151 160 165 159 157 159 161 160 160 159 157 158 156 157 156 157 156 152 174 223 236 240 226 142  90 100 108 113 114 115 114 113 116 117 116 117 118 119 121 120 126 126  90  28   9
162 160 160 160 161 159 157 159 166 174 176 176 173 161 137 106  76  75  84  90  95  96  94  91  90  92 101 107 112 117 119 122 122 124 125 128 128 127 126 127 128 128 130 132 128 129 130 128 127 130 129 129 129 128 127 126 126 127 125 127 131 132 128 127 127 127 127 125 125 124 123 125 123 124 125 124 119 115 107 103  96  96 124 146 156 165 165 163 163 166 167 164 161 159 159 157 158 155 155 156 154 153 198 232 240 241 202 109  94 103 110 112 114 115 113 114 115 116 118 118 121 121 127 129  86  28  13  16
161 160 160 161 161 159 157 164 171 174 174 172 169 158 139 108  77  74  85  89  94  95  93  93  90  91 101 107 112 116 119 121 123 125 125 127 127 128 129 127 129 129 129 131 131 129 129 129 128 131 129 130 130 130 130 126 127 128 124 127 132 135 131 128 127 129 128 124 126 125 123 123 126 126 124 125 121 116 109 106  99  92 110 140 152 161 168 167 165 168 168 167 162 163 161 158 158 156 154 155 154 150 165 218 237 241 235 163  91  97 107 110 114 116 117 116 117 119 120 122 126 131 130  78  18  11  15  15
159 160 161 163 163 160 158 166 173 171 171 168 167 159 141 113  78  76  84  92  96  92  92  90  91  93 101 105 112 114 118 120 123 125 126 126 127 127 126 127 127 128 127 130 128 127 126 128 128 128 127 127 127 126 126 127 127 126 123 125 129 133 132 128 127 128 127 125 125 123 122 122 123 124 122 124 119 117 114 104  99  94 102 131 152 160 167 170 167 166 168 167 165 160 161 159 158 155 154 155 153 152 146 187 230 239 242 216 121  93 103 110 112 114 116 115 115 122 125 127 133 134  78  20  13  18  15  19
158 160 164 163 162 161 163 171 174 172 167 165 166 161 141 105  73  70  83  90  93  93  93  91  90  95  99 105 114 115 117 121 124 122 124 125 125 126 125 126 126 125 125 129 128 125 126 130 133 128 124 122 120 121 122 123 122 121 122 122 124 126 129 127 128 128 125 122 123 122 122 122 123 121 122 124 120 118 116 104  98  95 106 127 147 161 167 168 168 164 164 163 164 161 160 159 159 156 156 155 154 152 147 156 213 237 242 240 182  95  99 109 115 116 116 114 115 118 122 131 133  76  24  13  11  13  18  24
162 163 164 163 164 165 171 176 175 171 164 163 167 164 141 105  74  72  84  90  95  95  94  91  91  94  98 105 113 116 118 119 122 122 123 123 123 125 126 125 127 127 126 126 127 126 125 129 132 130 123 119 116 117 120 123 121 121 120 121 124 126 126 127 129 129 123 122 124 123 122 121 121 121 123 125 122 116 113 108 101  97 107 128 145 158 163 167 166 164 163 164 163 162 160 160 160 159 161 157 155 153 150 144 179 228 239 244 230 140  94 105 110 115 116 115 116 119 127 130  75  13  11  13  15  18  19  25
163 162 164 166 167 170 175 176 175 169 163 162 167 162 140 105  75  75  84  89  94  94  93  90  90  93 100 105 111 115 116 119 121 123 124 125 123 123 124 127 127 126 127 126 126 127 125 126 129 126 123 119 118 115 117 120 122 119 118 118 122 125 125 125 129 126 124 123 124 123 122 121 122 121 122 123 121 117 113 105 102  97 107 125 140 153 159 163 165 163 162 164 163 160 161 161 161 159 160 159 157 155 153 145 147 203 235 243 246 208 111  95 106 110 116 116 120 126 129  77  15   9  19  20  21  20  19  23
166 164 167 167 171 175 175 172 171 166 162 165 166 160 138 104  69  70  83  90  91  89  90  90  91  92  99 105 110 114 113 118 119 122 121 124 121 120 121 125 125 124 122 124 127 128 125 125 126 124 122 121 119 117 117 118 118 113 113 115 119 124 125 127 128 126 123 122 125 123 122 121 121 122 122 122 121 116 112 111 105  98 105 124 139 149 156 159 162 162 160 161 161 159 161 158 161 160 159 158 157 153 151 147 139 169 228 242 247 240 163  87  99 105 113 117 125 127  73  14   8  13  24  27  23  20  18  16
167 166 165 169 176 173 167 165 164 165 164 165 167 160 138 101  68  69  83  91  91  90  91  90  89  90  98 105 112 113 115 117 118 118 121 120 120 121 124 125 124 123 123 125 125 125 125 125 126 124 122 124 120 119 115 112 113 111 109 108 112 119 122 126 126 123 123 122 123 126 122 124 122 122 122 123 118 116 110 108 106 100 106 121 137 147 151 156 158 162 160 159 159 159 157 156 158 161 159 156 152 150 148 145 140 143 202 239 246 247 218 116  90 100 105 116 126  77  15   8  13  20  29  24  22  17  13  12
167 166 166 173 176 164 158 156 158 167 166 165 168 161 141 103  70  70  82  88  93  94  92  91  89  93 101 106 112 114 117 118 119 120 122 120 121 124 125 126 124 121 127 126 127 125 124 123 127 123 121 126 132 129 137 159 164 160 158 149 130 116 110 112 117 120 122 122 125 127 125 123 122 122 122 122 120 116 110 106 105  97 103 118 136 144 147 151 154 159 160 158 157 157 157 158 158 156 156 152 149 146 145 143 143 140 165 225 242 247 242 175  93  98 108 118  73  16  10  12  18  25  31  26  20  16  14  15
167 165 168 178 171 155 147 145 155 168 168 166 169 161 141 106  71  70  80  88  92  93  90  92  90  95 102 105 112 115 115 120 121 120 121 121 123 126 126 126 125 123 123 127 127 125 122 121 132 143 145 150 149 164 172 180 190 189 194 194 193 187 162 132 112 110 116 118 125 126 126 123 122 121 122 122 119 114 112 106 103  97 101 118 136 145 145 147 151 155 158 158 155 157 156 157 157 154 152 149 145 144 143 142 142 140 143 193 235 244 249 229 136 100 116  72  12   8  11  14  23  25  28  25  13  11  14  15
165 166 174 176 164 145 132 136 155 170 169 169 171 163 141 104  67  68  78  86  92  90  91  91  93  96 103 110 113 116 116 120 122 120 120 123 126 124 125 126 125 121 122 124 125 124 126 141 145 153 143 146 154 171 171 178 189 191 184 180 190 195 204 205 187 142 107 110 118 122 123 123 121 121 119 119 115 113 108 105 103  96 101 120 137 146 146 146 149 153 156 157 156 153 155 151 151 150 147 145 144 140 139 140 141 141 138 152 215 242 248 249 205 121  78  15   7  13  16  20  25  21  19  16  18  17  14  12
166 172 179 170 153 128 115 136 160 171 171 171 171 163 143 102  63  64  78  83  85  87  89  88  92  95 101 107 111 113 116 118 118 118 118 121 123 122 124 122 120 125 136 142 135 119 129 141 142 142 146 152 151 157 163 171 176 183 184 185 189 195 199 205 213 212 177 118 104 117 121 120 117 120 118 117 111 108 105 103  99  95 102 119 138 146 148 146 148 151 152 156 155 151 149 148 146 147 146 144 143 140 140 139 140 140 140 134 175 235 246 250 248 146  15   7  12  14  23  23  23  22  17  18  22  16  13  15
170 179 176 161 139 100  99 138 161 173 173 171 171 165 144 104  64  61  72  79  85  84  86  87  90  94  99 104 109 110 115 114 116 118 117 120 122 121 120 127 130 144 142 130 120 116 121 133 128 129 140 143 154 155 167 169 173 176 186 190 194 197 198 203 206 209 218 202 145 104 104 113 113 115 114 115 111 107 105 100  96  90  99 119 138 148 149 145 147 150 148 152 154 154 146 143 143 146 147 144 143 144 140 141 141 143 144 138 143 205 242 251 253 108   0   9  14  17  24  23  22  13  14  23  15  14  17  23
178 182 169 152 118  70  92 139 163 173 172 171 171 163 141 103  60  56  69  78  80  82  86  87  89  91  94  99 107 108 110 112 118 117 117 120 120 118 119 152 104 115 115 114 116 115 124 130 124 129 135 137 144 149 159 160 176 181 186 197 197 196 200 200 202 209 212 214 211 171 109  94 107 108 109 110 109 107 103 100  96  90  97 119 139 150 152 148 146 146 145 145 148 154 148 141 141 143 146 145 143 143 141 141 141 145 144 143 140 164 233 254 172  17   5   9  16  24  25  26  15  11  19  17  11  16  23  11
182 177 161 136  85  55  94 136 161 174 173 171 170 159 138 102  58  56  71  78  87  88  87  86  88  90  96 101 106 104 108 111 113 113 118 120 119 119 125 116 100 112 112 115 117 115 125 129 125 130 134 129 136 141 153 165 179 184 186 189 194 195 202 205 205 208 212 213 211 221 203 122  84  90  98 104 106 104 100  98  97  90  96 118 142 153 155 153 149 143 140 139 139 148 151 144 142 145 147 145 142 143 142 144 144 145 145 148 149 153 204 165  30   5  11  12  18  21  24  18  17  22  20  13  17  35  17   0
181 170 150 111  63  59  97 136 162 175 175 172 169 159 139 100  55  57  72  81  86  87  88  86  86  88  95  99 104 107 107 111 113 113 115 118 117 126 139 102 106 102 105 112 119 120 124 124 131 135 131 133 137 140 149 157 167 173 183 192 195 200 206 205 208 211 212 210 211 212 216 211 136  98  79  94 101 100  96  96  97  89  93 117 145 155 159 158 152 144 131 125 124 137 151 148 144 146 149 145 142 142 144 145 145 148 148 151 152 163 127  26   7  10  12  22  23  20  16  11  25  23  15  19  35  28   3  66
172 160 132  81  63  63  98 137 162 174 176 173 169 161 140  99  57  58  70  83  87  85  86  87  88  90  94 100 105 108 106 111 113 114 116 115 118 136 121 101  96 101 111 108 115 121 120 127 124 131 135 134 135 139 149 152 162 176 189 196 199 198 201 205 207 211 207 202 205 212 225 238 247 233 116  71  93  95  91  91  92  87  95 118 145 156 161 160 156 149 126 104 103 123 144 152 146 146 149 145 143 144 145 146 145 148 148 152 161 145  45   7  11  11  16  22  23  15  11  23  24  16  17  35  41   3  51 154
165 145 103  64  64  67  99 139 161 173 175 174 169 159 137  97  58  57  73  81  85  86  87  87  88  91  95 101 105 107 109 113 115 116 115 116 123 121 100  99 103 111 110 111 116 116 117 119 121 129 130 132 131 140 140 152 163 177 193 197 199 199 201 204 198 194 204 219 229 233 235 233 239 255 212  74  74  88  89  88  87  83  92 116 141 155 159 158 157 152 130  88  68  94 132 150 149 144 147 146 143 145 145 146 146 148 150 156 157  70   7  10  12  17  22  21  19  11  19  25  14  14  26  51  33  44 133 168
153 123  74  66  71  69  99 137 161 173 175 174 170 158 135  99  62  60  73  79  84  86  87  92  88  89  95 101 105 107 109 112 115 115 118 120 121 101  96 102 107 111 115 115 114 111 112 122 127 136 135 133 134 139 139 153 162 175 190 193 199 205 189 185 201 221 230 228 229 228 227 229 229 240 253 170  61  73  83  85  85  81  89 115 140 157 158 156 157 151 134  86  34  58 114 140 151 147 147 147 144 144 144 146 144 147 152 163 104  11   6   9  17  25  24  22  11  17  24  14  16  30  44  45  55 124 153 152
134  91  64  72  71  69  97 137 159 172 174 172 171 158 135  98  60  59  73  81  82  87  90  90  87  89  97  99 104 108 109 114 115 115 116 120 104  97  99 104 107 113 110 111 106 111 119 122 129 137 134 137 141 143 147 149 158 170 186 190 188 173 186 216 231 229 225 221 226 226 223 226 228 233 245 248 134  54  71  78  80  79  87 114 140 157 160 158 155 153 137  96  28  25  85 124 147 151 145 146 144 144 145 146 145 149 160 133  33  18  13  15  25  24  24  16  14  27  17  13  23  39  50  64 118 154 147 140
105  70  71  76  71  68  95 136 158 170 175 173 170 160 135  97  61  60  77  85  85  84  86  87  86  91  93  99 106 109 110 112 114 116 121 109  97 103 105 106 111 110 105 102 106 120 125 125 135 137 141 144 148 140 140 145 157 176 184 166 167 206 225 221 221 228 227 219 215 220 223 231 232 232 238 249 231  92  49  62  71  74  86 115 141 157 160 157 158 154 139  97  27  11  61 107 137 151 150 145 143 144 146 146 147 155 158  63   5  14  15  21  23  23  15  11  27  21  16  20  25  43  68 115 147 150 143 160
 76  67  73  76  73  68  95 133 157 169 174 173 170 159 135  99  61  58  75  83  87  86  85  86  89  91  93  98 106 111 108 112 114 120 120 104 105 103 102 107 110 107 109 110 115 123 124 128 136 133 140 143 142 136 139 146 160 171 148 172 210 222 220 224 220 219 213 214 221 219 220 221 222 228 230 234 244 225 136  52  57  67  81 114 141 156 159 159 157 156 140  96  29  10  32  81 121 143 152 146 143 142 145 148 152 161 105  12   4  11  24  29  25  18  10  22  25  13  22  25  32  48 110 146 152 142 159 170
 69  73  76  76  74  70  94 133 157 169 173 174 170 159 135 101  63  57  71  81  85  86  87  87  89  89  94 100 105 108 111 112 113 127 108  95 103 106 102 104 107 108 112 114 126 127 129 138 140 138 139 138 134 130 138 140 143 150 189 215 209 212 213 216 214 216 214 215 218 222 224 226 227 227 230 230 235 243 248 151  41  54  77 112 140 156 159 157 157 158 137  95  35   9   9  42  97 131 148 149 142 141 145 150 159 137  32   4   9  16  26  26  26  16  17  27  16  20  24  22  36  95 142 146 145 157 172 170
 69  75  77  77  75  73  98 134 156 168 171 171 168 160 137  99  64  57  72  80  82  86  90  86  86  88  93  99 105 109 111 105 127 139  89  92  98 106 104 104 105 104 112 117 126 131 142 141 133 142 141 137 130 127 129 126 160 187 209 215 208 206 204 204 204 211 221 223 223 223 225 225 227 225 228 226 230 234 242 241  93  37  70 109 137 154 158 158 158 156 138 100  38  11   9  15  59 112 136 145 139 136 143 152 155  69   6  10  14  22  25  25  22  15  25  16  16  23  19  22  80 146 146 135 149 168 171 170
 74  76  76  76  73  70  95 134 157 168 171 170 170 163 138 100  62  59  70  78  83  85  88  89  87  90  96 100 106 107 106  98 164 130  87  96  99 101 103 106 109 112 118 120 126 137 139 129 132 139 140 130 122 107 125 168 202 206 200 203 208 201 201 205 210 215 219 224 222 223 222 225 223 222 223 223 225 235 239 251 203  58  55 104 136 153 157 159 159 155 136 100  41  13  13   8  22  66 109 153 168 146 149 154 107  14  10  14  21  25  23  25  18  22  22  18  26  20   5  58 139 152 136 145 164 168 167 168
 77  75  74  73  70  66  91 135 156 168 171 169 170 163 139 103  63  57  69  78  79  83  87  87  87  95  97  99 103 105  99 110 197 108  91  93  98 103 103 101 110 113 120 126 132 135 136 130 133 139 126 118 108 129 182 203 198 199 202 197 189 194 208 215 214 212 216 222 221 220 220 219 218 218 225 230 225 230 233 243 255 133  39 101 137 153 155 157 158 158 138 100  41  13  13   8   0  52 183 230 226 213 223 178  32   7  15  18  26  25  25  27  23  22  16  25  20  10  37 121 154 139 141 164 167 165 163 163
 73  73  72  73  72  65  88 130 156 169 171 170 170 161 137 100  56  54  67  73  79  82  82  81  85  90  93  96 100 101  89 148 194  98  88  95 100 106 105 106 110 112 124 130 136 130 129 130 136 122 101 109 149 187 193 200 186 185 193 194 198 200 207 212 211 212 211 214 215 211 215 223 224 222 221 227 227 227 228 234 251 204  49  89 135 152 157 158 158 157 139  97  39  11   7   0  64 205 229 216 229 246 253 234  47   5  13  22  26  27  24  20  23  20  21  28  14  16 101 154 145 142 162 170 165 164 162 162
 72  73  76  78  77  69  91 129 155 169 173 172 170 161 137  97  54  50  62  76  81  85  85  84  86  88  93  94 102 102  91 187 183  99  86  95  98 107 105 109 110 120 127 121 118 113 130 132 121 105 113 161 191 191 174 180 189 184 184 192 200 202 205 206 210 210 204 202 209 218 220 223 219 217 216 220 225 224 224 227 239 248 125  74 131 155 159 160 159 156 138  93  29   1   5 105 221 208 210 238 244 244 248 255 116   0  12  21  26  23  17  19  18  16  25  23  15  71 147 151 141 157 166 166 165 164 162 161
 76  76  78  81  80  73  90 129 154 171 176 174 172 160 137  97  57  53  63  78  84  85  87  87  88  89  93  98 104 103 103 212 168  87  86  93 100 100  99 108 118 126 119 112 119 128 124 120 101 114 170 189 182 172 177 179 184 191 192 188 203 205 199 200 202 199 203 214 214 215 209 217 218 218 220 222 225 223 225 225 228 241 218  93 122 153 161 162 160 154 131  82   8  19 147 228 192 210 241 235 231 229 232 255 156   1  13  20  23  20  17  15  11  20  26  17  39 131 157 143 153 164 163 163 164 162 161 162
 80  81  84  84  83  80  93 129 154 171 175 175 173 164 141  99  61  57  69  79  85  86  88  89  88  93  96  99 104  96 117 221 158  89  88  94  89  94 109 116 119 115 113 116 132 131 125 102 119 168 177 172 171 171 176 189 193 186 193 201 196 196 201 189 187 200 207 217 213 211 212 210 218 217 212 210 213 218 221 221 225 227 238 193 133 146 157 160 159 149 115  56  76 188 223 197 219 237 232 224 219 225 237 255 158   0  16  26  21  13  14  13  18  22  12  12  95 159 149 149 165 165 162 162 162 161 159 162
 84  85  86  86  84  79  93 130 155 170 174 175 176 167 143 100  62  60  70  81  87  89  90  93  88  90  99 101 105  94 140 223 133  90  81  89  97 106 104 108 110 112 120 124 121 119 103 119 165 163 158 156 169 171 181 187 191 196 187 191 195 191 180 184 194 204 197 206 212 209 214 214 218 202 179 208 217 220 220 219 217 216 225 239 210 149 155 155 152 136 120 161 223 212 203 229 234 225 222 218 222 231 241 255 139   2  16  21  25  19  14  18  24  21   0  49 146 155 146 161 167 164 161 160 160 160 158 158
 87  87  87  87  85  82  98 132 153 168 175 178 177 169 143 103  61  60  70  80  87  89  90  88  87  88  94  98 100  85 160 206 126 100  85  94  94  90  98 108 107 120 121 113 111 104 123 162 160 151 149 149 158 181 187 187 182 180 190 191 187 179 181 196 194 195 196 198 200 207 215 219 199 183 202 209 214 215 216 216 215 212 211 218 230 178 153 148 147 177 216 219 203 212 230 228 222 219 219 221 227 235 241 253 100   3  20  17  20  18  11  16  21  14  23 113 159 149 155 167 165 163 161 160 161 159 157 157
 88  86  85  86  86  83 102 134 157 170 177 181 181 173 146 102  61  60  75  80  86  86  88  88  86  88  93  97  95  81 187 196 134 105  92  94  92  91  98  99 111 113 110 115 108 135 153 150 148 150 141 156 170 172 184 178 173 179 188 184 166 187 187 185 193 188 188 189 195 202 189 192 191 198 197 200 207 211 209 205 207 210 201 202 212 198 149 169 203 220 209 204 223 229 222 218 218 221 223 222 226 235 245 245  65  10  23  21  18  11  13  19  23  31  80 149 151 149 162 165 165 162 161 162 159 158 158 156
 87  88  87  85  86  85 101 132 159 173 180 183 184 175 147 103  62  58  74  78  84  87  86  85  85  87  90  94  89  85 211 195 143 110  91  95  93  98 102 107 112 112 121 108 129 152 153 141 142 133 149 164 170 167 163 178 188 180 167 172 185 182 186 186 183 183 190 199 201 189 186 196 201 193 202 206 207 203 197 197 201 199 196 194 196 206 198 218 209 205 219 225 225 220 216 217 220 224 223 215 223 234 248 228  33  10  18  22  20  11  16  21  31  60 129 155 146 157 166 165 164 162 160 161 159 159 157 159
 87  85  84  83  84  86  99 130 158 176 182 184 183 174 146 104  61  56  70  80  83  85  85  85  84  86  90  95  85  97 222 194 151 124 111 101  93  97 101 103 115 119 109 121 153 144 143 143 130 147 153 155 154 159 179 181 176 167 173 184 182 183 184 183 185 178 183 190 193 196 193 191 195 205 201 202 197 188 184 196 195 189 181 175 201 207 202 207 215 227 227 214 217 217 215 218 222 225 210 199 223 232 249 183   6  10  15  21  16  13  23  20  28 103 154 149 150 164 167 165 165 163 162 162 161 160 160 161
 84  84  85  83  84  82  96 131 157 175 182 183 183 173 146 106  62  60  73  80  84  87  85  86  84  85  90  92  84 104 224 190 157 138 126 107  95  94  98 106 109  98 126 143 146 143 134 123 147 155 157 140 146 159 175 173 157 178 188 174 174 184 188 181 175 179 175 180 187 184 189 196 191 200 201 189 191 193 185 184 187 170 180 204 203 196 210 222 223 222 214 214 217 216 217 221 224 218 174 177 210 217 243 110   1  12  17  22  17  14  21  17  49 141 155 148 161 166 167 165 166 163 162 163 162 162 161 162
 83  83  81  82  83  83  97 134 161 176 181 182 180 172 147 104  63  60  76  81  86  87  85  86  84  86  89  90  82 104 220 188 167 150 137 120  97  80  95 109 100 120 144 135 142 133 116 145 154 148 148 153 154 148 155 154 179 182 172 176 177 172 177 172 172 172 173 167 173 182 184 188 198 188 187 184 181 194 182 163 176 194 204 200 208 220 220 216 209 208 212 217 217 218 220 224 225 186 162 179 157 196 213  36  11  23  21  15  12  15  17  49 109 154 148 155 165 166 165 165 164 163 162 161 162 163 160 160
 84  80  80  79  80  82  99 136 161 175 180 180 180 171 149 105  63  59  74  82  86  86  84  84  84  86  88  87  75 110 217 185 166 153 137 129  95  87  96  95 124 143 131 137 126 115 140 145 147 141 142 146 157 151 150 168 164 165 178 172 171 169 168 175 165 166 166 170 175 181 180 175 185 183 178 180 172 173 170 182 197 194 202 217 224 217 209 206 207 210 215 218 218 219 223 229 209 162 180 151 156 206 163   2   9  22  21   9  18  15  30  84 150 152 148 162 166 166 164 162 162 163 162 160 161 162 160 161
 83  81  79  81  79  83 103 136 161 175 180 180 180 173 150 108  64  61  75  82  85  84  84  84  84  87  85  86  69 124 218 193 170 155 140 134 112  96  91 120 141 134 133 119 114 141 148 144 138 131 139 153 143 149 166 162 162 165 164 155 158 168 173 159 157 170 172 173 171 173 176 174 168 169 174 167 159 170 194 194 194 210 215 211 204 205 207 211 212 217 220 220 220 222 228 228 173 170 164 159 161 221  93   1  15  18  18  18  22  18  47 125 158 146 156 164 165 163 161 160 162 162 161 160 161 160 160 161
 82  84  83  81  83  90 106 136 160 176 181 181 180 173 152 109  62  56  71  81  83  83  81  84  84  84  85  84  64 132 227 203 182 167 149 148 124  87 110 136 126 133 120 115 138 140 145 136 126 129 153 139 142 166 157 140 136 145 154 139 133 113 120 170 173 167 163 166 173 169 166 165 170 165 153 158 187 194 190 204 216 212 201 199 202 209 211 214 217 221 221 222 221 226 234 202 165 152 123 104 171 218  25   5  20  21  18  30  24  22  78 153 151 149 162 165 163 162 160 159 161 161 160 160 161 160 159 158
 85  84  83  84  86  92 106 136 160 176 181 182 181 176 153 106  59  54  70  81  84  83  83  84  84  85  86  82  63 129 231 209 183 168 158 157 136 105 119 122 130 119 109 135 143 137 132 120 130 143 133 142 157 138 108 124 111  94  97 104 158 158 113 126 139 151 154 153 143 152 136  92 114 154 159 189 185 192 215 216 212 206 206 207 210 215 217 218 220 222 221 222 224 235 226 171 124  78  72 131 234 144   0   9  17  14  15  26  20  38 122 156 148 157 164 164 164 161 160 160 160 159 159 159 159 159 157 157
 86  85  85  85  88  92 111 140 161 177 182 184 182 176 153 108  59  53  68  79  82  86  87  87  86  86  86  82  62 123 232 211 198 173 143 150 143 105 112 117 113 105 131 140 136 126 117 127 133 130 135 147 143 122 137 117 100  78  57  66 162 167 133 108  91  74  92  88  70  48  36  34  28 169 183 172 195 212 215 209 210 210 208 207 212 217 218 218 220 224 224 228 227 203 145  90  63  72 115 207 216  31   6  16  16  12  17  22  14  76 150 148 150 164 166 164 164 163 160 161 160 159 158 157 157 158 157 157
 85  90  87  85  89  97 111 140 163 179 182 182 183 176 153 110  59  54  69  80  83  85  85  87  85  86  87  84  70 102 227 215 212 176 125 127 121 100 111 111  96 126 137 133 126 120 129 131 128 129 145 135 110 135 120 104  99 107  82  74 100 120  87  46  50  76  51  43  17   7   5  32 124 168 177 213 218 212 209 208 211 209 205 209 213 216 218 214 222 229 222 178 122  83  72  66  81 120 192 221  93   4  15  20  18  15  24  12  20 118 153 145 159 168 166 165 165 164 162 161 159 157 158 159 157 157 157 157
 88  91  88  82  89  97 112 138 163 179 180 182 182 176 155 108  59  56  70  81  82  85  85  88  85  87  85  82  73  76 215 223 216 180 118 128 136 118 106  97 119 137 136 124 114 126 134 125 124 140 132 112 127 125 107 112  86  64  41  37  66 100  81  79  88  60  36  56  13   0  37 148 151 178 205 210 212 208 207 205 208 208 206 208 211 213 219 223 228 190 104  72  63  67  86 106 150 205 195  54   4  13  21  16  15  21  26   9  56 145 148 151 168 169 166 165 165 164 162 161 161 160 158 157 157 157 156 156
 94  93  87  85  87  94 110 139 160 177 180 181 181 175 155 109  62  54  70  79  82  84  84  88  84  86  86  83  80  63 184 224 216 182 131 140 148 125  93 111 132 135 124 115 122 131 125 124 140 136 108 121 131  93  64  65  56  29  21  53 103  83  33  68  80  68  29  54   0  56 157 140 172 209 193 197 206 205 203 200 204 204 206 208 211 218 222 187 134 123  84  78  89 117 150 171 199 203  62   3  16  22  22  13  12  27  30  26 106 154 146 162 172 169 168 166 166 164 164 163 162 159 160 159 158 158 157 154
 96  93  91  89  87  91 109 138 160 176 179 179 180 175 155 110  62  54  68  78  81  84  85  86  86  84  85  87  85  62 132 229 210 200 157 139 143 107 105 132 135 118 107 123 126 122 116 128 132 143 116 114  67  42  60  40  24  18  22  97  90  24  42  79  62  32  13  57  76 151 141 192 209 195 191 198 197 198 198 198 203 205 206 211 221 194 121  78  89 131 143 147 165 175 177 193 204  61   0  16  25  24  20  15  15  26  15  50 140 149 148 169 171 171 171 168 167 165 164 163 161 159 158 158 159 158 156 154
 96  93  92  88  88  91 107 136 161 177 181 180 181 176 154 113  61  54  72  78  82  82  85  87  83  84  84  88  90  72  93 223 218 206 179 167 129  98 125 136 124 102 118 122 120 116 129 125  96 111 104  52  45  58  34  22  28   8  57  73  28  39  92  90  38  37  29 119 145 142 194 214 195 189 194 194 190 189 189 199 204 204 209 209 135  62  54 109  98 122 167 175 177 179 201 207  73   1  12  20  24  24  20  13  20  20  17  90 151 145 159 172 171 171 171 168 169 166 163 163 162 160 160 159 158 156 157 154
 96  96  93  88  87  88 102 133 161 178 180 181 182 176 155 115  59  52  69  77  80  82  83  83  83  83  85  91  93  87  69 167 237 202 175 184 107 117 128 122 104 122 122 115 115 127 132 124  74  53  53  52  60  37  22  67  12  20  67  26  21  51  54  56  55  61  76 140 140 201 214 205 196 191 192 191 183 187 187 200 206 203 204 149  44  55  82 102 118 109 147 170 183 207 175  51   2  11  17  23  28  26  18  13  20  18  39 119 141 143 169 174 172 171 169 169 169 167 165 163 162 161 161 160 160 156 155 154
 97  97  94  90  85  82  98 131 160 177 181 183 183 176 156 113  59  53  66  76  80  84  84  83  85  84  87  93  95  94  81  86 214 217 197 179 121 124 127 112 115 128 127 119 117 126 118 101  80  62  52  70  26   6  46  77   4  34  53  23  33  25  45  43  81 105 100 124 204 211 207 198 192 189 193 185 179 193 193 197 197 198 208 179  87  67  88  86 122 111 137 181 204 144  27   3  12  20  23  22  28  20  14  15  23  26  72 130 122 150 176 174 170 169 168 169 169 168 165 165 163 164 164 161 160 158 157 154
 98  97  91  90  86  80  91 129 160 177 182 183 185 178 156 114  59  50  65  73  81  82  82  83  84  85  88  94  99 100  93  69 149 230 212 175 129 114 106 108 127 118 109 120 124 118 105  57  49  58  76  61  23  12  52  57  27  35  18  26  45  43  52  53  78 112 126 177 198 196 198 188 185 186 185 184 184 189 194 202 204 210 217 205 137  68  73  82  82 130 140 173 107  11   8  13  16  25  26  26  26  15  14  21  19  36 102 127 122 163 177 174 169 169 169 170 167 167 166 165 165 164 162 161 160 158 156 154
 97  95  92  89  86  76  88 128 157 175 182 182 185 179 157 117  59  51  64  74  81  85  84  83  84  84  89  93 101 103  97  77 125 241 224 188 121 117 102 114 115 113 125 132 107 108  87  48  32  26  59  52  38  26  38  72  58  10  14  17  17   6  29  78  63 108 154 180 189 194 186 176 180 185 184 182 180 189 210 214 211 214 215 215 170  89  39  50  64 108 146 145  67   7   9  14  24  25  29  31  23  13  13  21  19  62 127 120 133 167 174 173 171 169 168 170 169 168 167 166 167 165 162 162 161 159 157 155
 95  94  95  89  84  75  86 127 156 175 181 184 184 179 157 117  61  52  68  78  83  86  87  86  85  85  89  95 104 105 100  81 125 241 232 139  99 113 116 110 105 132 133 125  88  40  39  48  14  11  39  54  61  29  33  52 100  29  18  11   5  13  87  89 121 155 190 194 201 196 175 168 179 191 171 173 191 209 215 218 214 216 218 215 183 104  44  14  53  85 144 149  50  11  13  15  24  29  32  33  19  13  15  16  21  96 136 122 148 162 170 172 171 170 166 167 168 169 168 166 165 164 162 163 163 161 157 153
 92  94  92  88  87  77  87 127 156 175 181 183 183 178 159 118  63  52  66  78  83  86  88  87  85  88  91  94 102 107 104  91 108 236 213 102  95 104 107 111 124 113 108 106  77  13  50  21  12  16  21  50  50  38  43  16  95  64  31   2   6 103 119 147 168 143 189 196 203 184 168 168 188 177 170 186 201 211 214 220 219 223 228 227 202 124  55   7  30  66 153 151  30  12  16  19  24  27  35  30  14  13  19  14  47 127 132 137 156 153 157 163 169 170 168 167 166 167 170 167 164 163 162 162 163 159 157 154
 91  92  92  89  85  78  86 128 157 174 181 183 184 180 158 119  66  53  65  77  85  89  91  91  88  87  87 110 123 105 106 100  90 208 197 100 110  99 106 129 120  86  64  48  41  29  60   8  26  26  16  25  36  35  64  41  64  40   0   2  90 131 153 186 168 148 175 195 194 179 177 177 166 165 180 195 205 213 217 219 220 227 230 233 217 150  71  15  11  41 130 162  40  17  21  25  27  31  37  24  12  18  23  10  76 142 129 155 163 155 153 152 154 156 159 163 165 166 166 167 165 164 162 161 161 159 158 154
 95  93  89  87  85  77  87 125 156 175 182 184 184 180 157 118  69  57  70  82  88  90  92  90  87  87  91 117 109 108 109 108  97 148 206 108 104 110 119 125 126  96  54  27  13  20  52  17  30  24  21  21  26  26  75  73  63  76   0  73 134 150 190 190 180 156 177 206 195 176 172 159 161 176 184 202 208 213 217 222 222 228 232 234 225 171  83  24   2  27 108 167  55  20  23  25  31  35  38  20  13  20  17  23 112 139 137 168 167 160 156 154 151 149 152 152 151 156 160 165 165 162 161 159 158 157 154 152
 93  92  87  87  81  75  84 123 156 176 183 185 185 179 158 118  67  60  75  81  86  88  89  92  90  90  93 108 107 111 114 113 108 113 184 119 106 129 128 129  92  42  26  55  12  11  52  30  33  26  20  26  35  20  47  41  24  77  57 131 137 177 186 202 190 144 180 206 176 165 161 164 176 182 187 199 209 213 217 222 223 228 231 236 233 189 104  40   6  15  85 169  64  14  24  29  31  32  32  20  17  23  11  54 141 135 149 172 169 168 163 161 158 156 155 151 146 145 147 151 153 155 156 156 155 157 156 153
 90  90  88  85  84  75  84 126 155 177 183 185 186 179 159 117  65  57  71  81  87  89  92  93  91  91  96 102 109 108 107 104 106 117 108 110 123 135 126 109  43  34  15  54  27  18  18  50  53  14  16  34  34  29  27  55   0  52 125 130 171 166 180 201 197 161 188 184 161 165 166 172 182 185 190 195 207 214 215 216 220 224 230 234 234 206 123  60  11   9  67 168  74  18  25  30  34  37  24  17  21  18  16  98 140 134 160 170 166 166 165 169 169 167 162 159 151 146 148 145 143 143 145 148 153 156 154 153
 90  89  86  84  83  76  83 126 158 176 182 185 186 181 158 117  66  55  69  80  88  89  92  90  90  91  96 102 108 112 113 111 129 122 119 140 114 126 119  86  36  52   9  74  19  17  49  66  27  10  19  38  24  52  38  31  13  98 107 174 178 169 172 202 200 195 168 139 154 171 175 180 187 190 189 191 200 210 212 211 217 221 225 232 233 217 135  53  10   8  45 161  95  29  37  31  36  36  20  20  23  13  40 124 133 138 166 168 167 165 165 167 171 172 168 161 158 152 149 146 143 143 142 141 143 146 148 152
 88  88  86  87  85  78  83 124 156 175 185 187 187 180 160 118  66  57  70  78  87  92  90  89  88  91  95 104 110 112 110 155 151  47  19  96 162 115  88  39  65  30  31  83   8  21  32  26  12  16  23  37  30  53  37   9  82 114 164 185 195 165 173 208 210 157  88  90  99 103 126 162 189 194 189 187 193 207 210 206 210 217 223 231 221 181 101  27   9   6  35 147 118  28  36  31  41  33  17  20  23  13  69 137 129 149 167 164 163 163 162 162 165 168 168 162 158 159 156 153 150 150 147 141 141 140 139 136
 90  89  89  88  86  78  80 123 156 176 184 186 188 181 160 119  64  59  70  80  86  92  89  88  89  90  94 102 108 113 124 155 119  13   4 115 142  77  48  43  64  17  63  81   5  27  35  38  30  12   8  47  60  43  13  47 127 147 183 198 197 160 194 208 155 131 149 148 132  84  54  62 109 169 185 182 188 202 208 203 207 211 201 164 117  88  79  52  16   8  23 131 141  29  36  39  37  22  18  20  26  20  97 137 130 161 168 164 162 161 161 159 160 162 163 160 157 158 157 158 159 157 153 146 142 140 134 129
 88  91  93  89  85  74  79 122 154 176 185 185 188 184 161 122  66  59  71  82  90  91  89  86  85  88  91  94  99 126 158 148 149  98  74 108  92  44  31  75  45  57  43  60  24  34  17  33  63   4   9  14  47  28  12 112 146 185 189 212 182 183 201 127 104 116 114  99 138 102  97  81  74 114 163 171 179 200 209 205 204 184 127  87  80  89  95  67  33  10  22 121 145  40  29  38  36  19  19  22  21  40 120 131 139 165 165 162 161 160 160 158 158 161 162 160 157 156 157 158 159 160 157 151 150 143 135 130
 89  89  89  86  83  70  76 123 155 175 186 187 187 181 162 123  68  55  67  78  87  90  88  86  85  83  83 111 145 145 158 158 163 143 121  33  24  44  71  82  49  82  23  36  35  40  15   9  69  42   9  12   6   5  78 131 180 183 208 212 196 189  90  53  48  37  29  23  31  16  56 116 123 120 142 160 171 201 213 214 199 126  71  41  23  26  35  41  31   7  24 114 149  56  29  40  28  16  18  23  10  57 138 129 149 165 163 160 159 159 159 158 159 159 161 158 156 155 156 155 158 158 154 148 147 145 139 134
 83  82  81  79  76  63  66 116 154 177 186 187 188 180 159 122  66  52  67  74  82  87  84  83  81  71 101 195 176 138 155 150 131  56  34   4  65  61  70  54  68  97  22  27  27  58  26   4  20  84  47  17   2  29 123 166 186 190 215 212 192  83  31  19  18  17  12  44 115  48   3  56 128 126 137 150 169 202 226 219 105  24  21  59  67  17  24  28  19  10  22 104 152  59  37  39  21  15  20  22  12  85 143 137 162 164 160 157 156 157 157 159 157 159 158 157 155 157 156 153 154 153 147 144 139 138 136 132
 85  82  80  78  70  59  62 117 154 179 187 187 190 183 158 121  64  55  72  82  85  85  85  85  80  67 103 195 157 143 156 128 108  31  13  56  45  44  25  37  91  82  15  14   9  42  54  10  10  19  25  24  14  91 138 187 185 203 221 207 107  52  21  25  57  41  30  63 207 191  70  69 103 115 132 144 168 210 242 154  29  22  38 104 154  45  15  21  17  14  27  95 156  68  48  37  19  18  21  14  31 119 141 145 164 161 161 157 155 155 155 156 156 155 155 156 155 154 153 149 150 146 141 137 131 128 126 128
 87  84  84  79  72  57  60 114 154 178 188 190 191 185 160 120  70  60  75  86  91  91  90  96  84  41  46 127 170 221 152  48  21   5  55  50  30  44  39  64  96  92  12  15  15  21  57  14  12  16   7   3  46 100 158 171 194 218 210 131 105 104  64  34  97  70  53 120 229 226 140  98 101 110 123 141 174 224 228 110  90  67  61 121 170  62  14  15  14  12  36  86 165  68  60  30  19  21  23  11  53 137 137 152 162 160 159 156 154 154 154 156 156 156 156 155 154 149 149 147 145 140 136 130 124 127 142 163
 88  86  85  78  72  57  58 114 154 177 189 191 192 186 161 122  76  66  79  90  97  99  99  47  32  78 121 176 207 177  58  29  18  68  79  22  33  58  61  85  89 111  37  18  13  11  20  23  15  17   3  15 103 143 181 191 217 206 127 110 123 141 131  87  95 119 131 188 210 195 156 126 121 114 124 136 176 236 218 112 120 121 134 180 135  45  29  25  18  21  39  75 172  74  62  26  15  16  23  15  81 139 138 159 160 159 155 154 153 156 163 155 156 157 154 152 151 147 146 141 137 136 128 132 150 170 184 195
 91  91  87  77  69  56  56 114 155 177 187 192 196 189 165 125  75  66  83  93 102 103 109  29  96 157 141 145 116  26  11  74  86  72  51   4  45  60  51  77 111 112  80  24   9  11  14  15  19  10   0  69 116 178 184 210 212 117 102 131 137 144 147 140 128 111 115 132 126 157 173 149 119 123 125 133 169 232 229 169 144 134 123 103  55  50  57  28  17  26  39  65 179  88  56  22  16  19  22  38 116 134 144 163 159 157 155 154 151 154 159 154 154 156 154 149 146 142 138 135 131 134 148 172 190 199 201 202
 89  87  82  72  66  52  50 109 154 177 188 192 196 191 167 128  74  63  79  91  99  96 114 141 157 135  68  56  54  13  15  29 106 118  88  24  29  53  75  66  92 119  81  23  14  15  14  17  15   3  24 119 139 182 197 217 116  80 120 139 152 153 154 152 148 141 137 144 151 164 162 152 125 133 126 127 165 226 235 185 157 138 127 112  85  87  72  31  13  24  37  61 182 100  45  20  15  26  14  49 133 130 153 163 157 156 153 153 154 153 151 152 152 153 149 147 142 140 136 129 136 167 191 202 205 204 203 201
 85  78  73  64  61  42  41 105 153 175 188 193 195 191 166 128  74  64  79  91  99  98 104 134 124  86  63  69  28  18  50  70  82  65  65   8  24  58  52 109  81  81  79  18  14  14  12  19  16   5  88 115 174 199 222 129  65 106 124 140 154 161 170 170 171 166 168 176 178 176 174 150 136 137 127 126 160 219 239 201 174 159 142 128 116 108  83  37  17  29  33  54 182 108  39  20  14  20   9  73 136 134 158 160 158 155 153 152 153 153 151 152 150 148 147 144 141 137 127 137 178 205 211 208 205 202 202 203
 78  75  68  63  56  39  42 102 151 175 187 191 194 189 166 127  74  62  77  87  98 114 128 130 148 115 107  47  29  45  75  97  87  85  28   4  20  72  74  87 101 114  78  53  26  16  12  14   9  40 119 137 196 219 152  39  87 113 125 138 152 162 173 177 185 183 183 182 181 183 169 149 144 137 127 123 150 213 243 203 181 161 144 134 125 117  92  37  19  32  32  42 180 120  26  19  16  18  17 104 135 141 163 159 156 155 154 153 154 153 150 149 148 146 143 140 136 130 137 178 207 214 212 206 204 201 203 205
 71  71  62  61  52  38  39 105 151 176 187 190 193 189 166 127  72  60  74  96 121 133 137 129  79  47  46  29  38  62  77 103 109  47  14  11  11  21  59  79  61  14  95 113  35  12  13  12   7  97 118 175 213 192  29  46 100 117 124 137 150 159 171 181 188 188 189 187 188 183 169 154 149 140 130 125 143 208 244 207 174 165 147 134 128 122  95  34  23  36  34  34 168 138  24  13  18  14  32 126 135 151 164 159 157 156 153 153 152 153 149 147 146 145 143 137 130 131 172 203 211 211 210 208 205 205 209 213
 63  59  55  55  49  36  37 101 151 175 186 190 191 187 164 128  73  60  77  94 100 110 105  69  74  72  56  37  76  47  93 106  54  32  13  17  16  17  27  32  31   7  96 131  53   4   8   4  38 123 144 207 210  67   8  61 106 119 124 133 145 153 165 178 187 192 192 185 183 177 164 152 149 142 129 125 142 200 247 210 171 165 151 138 129 124  86  29  20  35  36  26 156 148  30  11  27  11  56 137 140 161 163 156 157 155 152 151 150 149 149 148 145 144 140 134 124 155 199 210 208 208 208 208 209 213 219 221
 57  54  53  50  44  32  35 100 151 173 184 185 187 184 164 129  72  60  81  88  93 105  98 111  88  78  76  82  51  26  66 103  51  27  19  23  16  14  22  29  24  16  88 113 127  20   2   3  89 115 184 227 133   5  24  61 104 118 127 133 143 151 158 167 179 187 190 184 180 172 159 144 141 137 123 124 142 186 242 214 170 162 152 141 130 121  75  21  18  35  35  17 155 158  52   9  29  16  88 138 146 174 161 158 157 155 152 150 148 148 146 144 143 142 136 127 135 186 210 210 207 207 209 212 219 223 223 222
 56  54  55  51  42  27  32 101 150 172 183 182 188 183 161 129  69  54 108  88 114 142 117  43  75 113  79  38  50  55  79 118  79  27  33  22   7   7  25  54  29  39 126 100 108  93   0  27 116 132 224 198  24  12  33  57  96 116 126 132 141 151 159 165 172 182 181 181 177 169 157 138 132 131 121 120 135 178 238 224 168 159 150 139 130 118  58  13  25  43  36  11 139 155  74   9  21  23 115 138 153 167 161 158 156 155 152 150 148 147 145 144 141 139 133 126 165 205 211 207 206 208 214 222 228 226 221 219
 58  55  54  49  39  25  27  98 149 173 182 182 186 183 162 127  67  49  97 124 129 122  83  44 109  80  61  37  77  79  97 114  94  34  24  18   4  10  48  85  41  84 152 150  39  52   0  76 117 179 222  65   0  20  45  55  94 116 125 130 138 147 156 162 165 169 173 175 172 168 153 135 128 127 119 116 130 170 228 239 168 157 149 138 129 107  40  11  27  49  36   6 125 163  86   6  12  45 133 138 159 164 159 155 157 155 153 152 149 148 146 143 138 137 128 141 192 211 209 207 207 214 224 227 228 226 223 221
 61  57  53  50  37  19  21  94 148 173 183 185 187 185 165 128  69  50  71 108 109 123  82  53  75  79  58  60  82  64  77 124  75  32   8  19  14  13  49  58 105 104  70  73  11   5  29 104 128 207 123   0   3  26  59  56  90 113 124 130 136 143 152 155 157 161 167 170 168 160 146 124 119 131 124 117 130 161 218 247 169 153 150 135 127  92  18  12  29  49  33   5 106 165 108  10   7  76 142 142 163 161 157 154 153 153 154 151 149 149 147 144 139 134 128 170 209 211 208 208 213 224 228 225 224 225 226 226
 65  61  57  49  37  20  20  94 147 174 184 186 189 188 167 129  71  68 112 107  99 109  59  57  82  84  53  46  83  35  83 115  75  55  19  28  19   9  50  85  67 104  50  11   2  28 145 135 137 175  62   1   8  31  69  53  92 114 123 127 134 143 147 153 155 160 162 166 166 156 143 110 122 141 143 131 123 157 215 244 164 148 145 132 121  62   7  15  29  50  31   4  82 171 127  20   7 106 147 149 163 159 156 152 152 151 151 151 150 149 147 145 138 128 139 192 214 210 208 211 221 227 225 222 222 226 227 226
 66  61  57  52  41  27  31 103 149 173 182 184 188 188 166 130  86  77  83  84 101 106  55  59 103  82  22  80  74  29  81 107 100  79  26  24  38   5  22  27  43  82  13   3   0  88 195 195 193  98   7   6  11  31  75  61  94 114 121 126 133 141 146 152 155 157 160 164 163 158 145 117 129 103  81 108 112 135 196 211 155 149 143 131 104  23   9  18  32  45  29   7  60 171 131  27  21 128 147 155 163 157 155 152 152 152 151 148 148 147 145 142 137 126 158 203 212 209 210 219 224 224 224 226 226 227 228 226
 60  58  57  53  43  39  53 118 156 172 182 184 188 188 168 132  76  52  72  87 102  93  64  65  86  57  31 103  58  49  80  99 127  88  30  17  55  43   1  16  98  47  16  21  26 122 175 203 128   2  11  13  12  33  86  71  98 112 120 126 132 139 148 151 152 155 159 163 164 160 152 132 121 104  94  99  95 120 178 187 159 147 138 130  69  12  13  20  40  47  31  13  38 164 137  38  54 144 147 158 160 156 153 152 151 152 150 149 147 144 144 142 135 131 174 209 212 211 217 225 226 225 226 230 229 229 228 225
 59  57  55  53  44  50  72 128 159 173 178 181 188 190 168 133  75  55  73  85 106 103  33  56  49  25  84  52  58  58  86  88 117 123  54   1  73 134   9  25  60  31  71 114 133  96 137 169  16   7  34  23  10  37  94  73 103 114 120 124 129 136 144 147 148 153 157 160 164 162 159 150 138 130 137 140 143 191 203 178 157 146 135 115  29  13  14  24  50  55  34  18  23 153 136  51  80 150 148 160 158 156 154 153 150 150 151 149 147 145 143 140 131 137 187 211 210 214 223 227 226 225 227 230 230 228 226 228
 58  54  59  54  43  44  84 134 162 172 177 182 189 190 170 135  77  57  73  82 111 131  33  46  57  90  55  17  49  62  87  97  87 125 102  29  61  95  31  21  38 117 139 180 108  97 182  66  12  22  28  30  16  35  95  79 104 118 121 124 130 138 142 143 146 153 158 160 164 162 158 155 150 144 160 195 179 214 208 175 152 143 135  79  15  15  16  33  55  52  38  27  14 135 138  68 111 149 150 161 157 155 153 153 150 149 148 147 147 146 142 139 128 145 195 211 211 219 227 227 224 224 228 229 230 230 231 232
 52  49  50  50  37  42  85 136 161 173 177 180 189 189 170 134  77  52  67  90 132 106  42  58 101  49  29  25  43  48  56  85  66 110 123  64  86  43  17  28 103 160 194 156  69 128  94   3  18  17  26  36  17  27  92  83 102 116 123 126 130 138 141 140 142 146 152 155 155 159 153 152 152 154 181 222 192 215 210 172 148 143 125  33  14  15  18  38  56  48  39  22   7 116 140  87 131 146 153 159 157 154 152 150 150 149 144 145 145 145 142 138 128 152 201 211 215 225 228 226 226 226 227 227 231 231 232 232
 48  46  45  45  39  47  78 130 159 173 179 183 188 190 172 136  75  50  70 118 108 100  45  84  79  16  44  44  42  54  43  67  50  86 120 119  71   5  63  93 112 172 187  88  98 115   7  28  24  19  24  45  20  20  85  80  93 114 123 126 130 137 142 141 139 140 145 149 149 150 149 149 155 162 190 226 203 219 212 169 141 143  89  10  18  17  21  39  57  47  37  24   6 105 141  99 137 146 156 158 157 155 151 150 149 150 147 146 145 145 142 133 124 158 205 213 222 228 227 227 228 226 226 229 233 232 232 232
 40  35  42  44  38  45  75 130 161 174 180 184 190 191 173 135  75  47 101 102  94  98  29  64  64  26  37  36  56  76  62  54  65  44  84 130  52  42 121 180 192 200 107  83 139  26   6  57  19  17  27  49  24  19  76  74  82 110 122 127 128 134 138 142 137 140 135 131 138 142 144 143 148 149 149 164 182 164 162 136 129 136  40   9  22  18  24  42  56  53  44  28   1  89 144 112 143 146 157 159 156 153 150 147 150 149 149 145 145 143 140 134 123 162 206 219 227 230 228 228 229 228 229 232 234 233 233 232
 30  30  36  41  36  47  78 133 162 178 184 187 191 190 172 133  69  79 111  73 129  99  25  42  39  38  43  24  54 109  90  72  52  77  82  74  73 126 135 208 232 131  76 140  75   5  12  35  20  15  28  44  32  17  69  67  72 105 121 127 123 129 136 142 145 145 103  80  90 103 109 108  97  89  93 113 117  87 102 106 143 100  11  15  18  16  31  41  50  56  33  36   6  70 144 132 147 149 158 159 154 153 151 148 149 148 148 146 144 144 142 131 123 169 210 225 231 231 229 228 228 229 231 232 234 235 234 234
 26  29  35  39  36  57  87 135 162 178 186 188 192 190 168 129  99 119  67  95 140  82  38  30  18  30  43  41  59 129  73  88  83  76  84  52  77 138 132 217 191  81 128 130  12  19  11  24  24  18  30  36  38  18  59  62  66  98 115 120 120 126 133 137 149 147 131 118 106 103 110 122 127 136 143 163 171 137 133 143 137  37  10  20  15  18  34  36  55  56  32  48  12  53 150 145 150 151 159 157 154 154 154 152 148 146 148 146 145 145 141 129 124 177 218 231 232 230 230 229 230 231 232 234 235 234 233 233
 26  29  34  36  32  59  86 132 161 176 186 188 192 189 174 145 122  61  61 126 107  72  52  70  11  19  57  46  74 138  42  71  92  75  45  84 130 148 126 186 110 135 158  33  16  23  13  16  24  16  29  34  39  21  49  57  54  88 106 112 115 120 126 132 143 148 147 133 124 123 123 128 149 172 181 182 184 144 147 151  80   7  14  20  11  20  24  38  61  58  35  51  17  50 155 152 152 152 159 158 157 155 155 153 151 150 147 145 146 144 140 127 124 184 227 235 232 231 232 232 233 234 235 234 232 229 228 227
 23  23  28  29  28  60  81 127 159 174 187 190 192 191 176 146  72  41 101 121  98  45  74  69   9  39  56  55 107 122  81  71  58  97 101 101 143 145 140 173 139 184  55  16  22  29  22  20  22  24  29  35  42  24  50  54  44  74  96 103 110 117 124 130 137 141 145 139 130 123 122 120 126 136 142 133 134 146 151 122  30  10  16  20  20  24  23  42  56  60  42  50  23  47 157 157 155 154 158 157 156 157 156 154 151 150 148 146 144 142 137 124 122 191 234 237 233 232 234 236 236 235 234 228 225 223 223 223
 21  21  23  22  29  71  78 122 152 172 188 190 192 191 170 131  67  45 123  94  83  24  88  52   7  51  34  33 140 107  95 115  63  71 126 102  98 119 151 185 190  81  13  21  24  29  20  22  21  27  32  33  36  26  39  52  40  58  82  93 101 110 120 127 132 138 142 139 134 130 127 125 119 118 122 131 151 149 138  59  17   8  15  22  31  23  21  49  61  63  41  50  29  43 158 159 153 155 158 157 157 157 157 158 155 151 149 145 143 141 135 120 116 193 238 239 234 234 236 239 237 232 226 224 225 227 228 229
 20  21  18  15  39  88  91 122 146 170 186 188 190 190 171 136  72  45 112  92  64  42  68  28   9  50  32  27 137 119  98 130  99  83  91 101  76 104 163 222 117   9  19  18  21  28  20  21  22  20  25  29  33  29  25  41  35  44  63  83  95 106 120 125 132 136 138 139 138 139 140 150 158 163 159 161 155 148  97  27  17  10  17  27  31  22  18  52  64  62  46  53  31  36 159 164 149 157 159 158 155 156 155 155 154 151 149 146 143 140 132 117 114 195 240 240 236 236 236 235 232 230 230 231 230 230 230 230
 15  17  19  16  50  92  92 124 147 170 185 186 188 189 170 134  75  45  87  96  58  63  64  21  11  55  20  34 105  87  98 123 113  86  65 115 111  73 140 162  24  15  22  19  24  32  17  22  21  20  15  25  30  29  22  34  30  37  38  57  80  94 111 125 131 135 139 144 147 158 160 164 177 179 172 166 156 150  45  25  13  14  23  33  29  28  17  62  67  65  49  55  38  37 159 165 148 159 160 158 156 154 153 153 154 151 149 144 140 137 132 116 117 206 242 241 236 234 233 233 234 233 233 231 228 227 227 225
 15  19  14  17  51  84  91 125 147 172 186 186 188 188 171 135  72  47  79  80  38  42  71  24  19  49  20  37 107  64  35  92 128 117  93 119 132  78  91  73  32  19  23  18  27  34  16  26  19  23  16  18  27  27  26  30  33  37  37  19  44  70  93 117 126 133 140 148 151 162 177 174 177 174 181 173 155 126  19  29  18  19  25  35  21  26  18  68  72  66  53  51  44  35 160 165 149 159 161 156 151 153 152 151 152 151 147 141 138 136 128 113 125 218 245 239 232 231 233 236 236 231 226 225 224 225 225 214
 16  18  14  15  35  73  98 128 149 172 183 185 189 189 173 136  68  36  82  54  17  45  70  27  34  41  17  18 115  96  32  66  98 116 131 116 143 103  76  40  20  19  22  18  29  41  17  30  21  25  20  18  22  28  29  29  34  31  49  24  16  34  63  87 100 117 126 137 146 153 163 173 179 172 171 162 149 101  16  26  25  25  26  39  25  22  23  72  72  63  58  59  50  39 158 164 145 145 151 150 150 152 152 150 150 148 143 139 136 135 126 109 139 228 245 237 231 232 235 236 233 228 225 224 216 188 142  90
 13  15  12  10  23  67  88 121 152 172 182 182 187 188 170 129  55  83 127  89  19  51  44  32  37  29  15  10 101 132  67  50  87 100  96 110 151 135 139 111  15  14  20  20  40  48  13  33  21  21  23  18  17  24  33  34  38  29  45  51  32  38  49  59  76  92 106 120 134 147 155 164 173 164 160 147 138  85  12  20  26  27  27  37  25  20  27  71  77  66  61  64  49  51 162 156 120 113 127 133 139 142 147 149 150 147 144 140 135 130 121 106 163 235 241 234 231 231 232 231 228 222 210 178 116  47  10   6
 20  22  12   6  18  56  66 111 150 172 183 183 184 186 166 117 123 165  69  93  17  38  49  36  36  28  15  11  92 133 106  45  42  84 104 100 129 130  69 131 123  20  10  17  43  49  11  35  18  18  22  18  17  19  29  29  31  22  29  57  67  95 112 123 130 137 133 137 142 154 162 160 164 167 171 176 190 173 113  54  20  19  22  29  20  19  28  67  76  70  61  64  48  60 163 141 104  99 103 111 115 117 124 129 139 143 141 139 135 127 115 108 187 239 234 228 229 229 228 226 220 200 156  62   7   4  19  38
 37  34  20  12  16  43  51 102 144 169 181 181 182 183 162 164 151  57  51  69   4  32  60  31  30  49  41  19  67 117 119  77  38 108 135  73  89 118  75  73 159 114  18  19  46  45  13  42  22  20  20  21  19  22  24  32  30  23  25  58  85 115 126 122 124 130 132 137 142 150 151 148 147 149 164 184 204 218 223 206 142  65  20  18  17  17  32  74  73  65  59  65  53  69 164 131 114 118 107 106 102 101  99 102 107 115 120 123 125 121 112 113 199 236 226 224 228 229 228 218 206 172  80  12  13  31  57  61
 97  70  43  25  27  34  29  75 133 168 179 179 180 187 187 162  62  55 111  42   3  14  49  38  16  45  73  41  24  74 111  82  94 137  87  68  85 103  84 127 129  95  84  12  40  39  11  45  21  18  16  25  19  18  21  32  31  28  22  53  91 114 120 121 121 127 135 136 139 144 142 141 143 150 169 188 203 213 217 222 227 215 153  56   4   2  25  68  69  60  56  59  44  74 162 131 131 134 129 120 113 105  97  91  86  88  93  91  94  99  90  95 194 230 222 224 228 228 228 213 164  64  16  22  37  56  66  68
132 121  89  58  49  34  20  60 127 167 178 180 180 189 177 130  78 126 100   2   7   7  35  78   0  31  93  68  36  11  97  99  83 100  55  95  92 106 113 121 126  47 100  49  34  32   9  45  21  19  14  26  26  17  23  28  41  35  20  45  88 107 114 119 124 124 131 136 140 140 140 141 147 158 175 191 203 206 210 215 220 224 234 217 113   9  18  58  66  54  50  53  42  80 158 138 143 140 139 131 129 124 116 105  97  87  80  73  85 107  82  65 184 229 223 229 228 225 212 168  66  15  45  52  55  66  68  69
132 138 131 102  77  48  15  57 127 167 178 179 182 183 168 134 147 119  43   5   6   4  59 100  60  87  77  55  32  53  55  66 103  53  48  74 108 120 140 118  75  84  50 104  32  24  14  49  27  24  16  24  35  24  21  31  42  48  22  46  86 108 113 122 121 125 136 143 143 138 136 144 152 164 177 189 200 202 206 208 216 221 224 233 237 154  26  29  58  44  47  53  31  90 156 143 150 146 142 139 137 135 130 122 115 106  98  82 100 126  88  78 197 231 229 233 230 224 160  49  16  57  62  58  71  79  70  65
126 143 151 137 107  61  17  54 128 169 183 182 183 185 163 164 190  81  33  14  14  12  35  31  69  60  33  39  63  70  18  95  40  38  46  76  84 122 135 147  54  95  90 101  54  13  13  46  26  24  21  24  36  23  23  40  47  72  25  37  87 110 120 114 119 136 136 139 141 138 139 147 159 167 173 183 191 196 201 205 210 215 222 227 233 243 165  32  42  31  45  52  25 100 154 143 151 146 144 143 141 137 135 132 123 119 115 103 110 127  96 121 217 233 233 233 225 205  99  11  55  77  67  69  89  85  71  74
101 129 151 153 141  88  21  54 127 169 186 185 186 186 165 169 157  99  11  12  22  24  45  25  30  23  47  32  14  25  20  73  50  35  48  69  81  99 138 124 111  84 137  74  92   9  17  48  32  25  20  24  39  27  24  44  53  95  42  26  90 116 110 117 132 138 138 140 141 140 144 152 160 167 171 178 185 189 194 199 206 213 220 226 231 236 246 149  22  17  40  45  24 115 148 145 151 146 142 141 141 140 138 134 129 126 121 114 117 128 111 160 229 233 234 234 218 167  62  41  77  74  75  90 103  84  72  83
 40 103 145 169 160 111  25  50 130 171 188 187 189 188 167 163 134  45   5   9  11  28  33  25  12  21  79  40  15  30  44  22  73  39  49  51  76  98 117 123 147 108  66 104 129  11   8  41  31  22  14  21  38  24  14  34  61 112  59  21  81 106 120 131 131 137 139 139 139 141 144 150 157 164 167 173 182 184 190 196 203 210 216 223 228 233 241 245 102   5  29  29  20 127 142 146 148 146 143 144 142 142 140 135 132 128 122 121 126 134 125 187 236 235 234 232 206 116  50  72  77  78  88 104  92  78  82  90
  6  60 140 175 169 129  33  40 131 172 187 187 188 188 170 148 138  64   6  10  15  43  17  18  16  32  88  31  27   8  53  35  50  60  67  80  59  82  96 117 154 119  10  86 163  25   4  38  35  22  14  21  42  25  20  27  73 113  66  16  76 112 128 131 131 133 139 141 142 142 146 151 155 161 166 171 176 183 189 194 201 208 215 222 227 230 237 249 214  32  19  19  22 135 139 148 147 145 143 143 139 139 138 136 134 129 123 118 122 144 161 207 237 235 233 229 182  74  63  75  79  91 101  93  73  80  92  91
  1  32 132 178 176 137  27  31 129 170 188 187 188 189 175 138 118  58   8  10  25  26  14  15   9  42  93  22  38   5  19  58  57  38  66  94  84  60  85 143 150  81  18  91 191  25   5  38  47  24  15  22  34  17  21  32  85  99  69  20  79 115 127 125 133 134 138 140 141 143 149 150 152 158 163 167 174 182 187 192 199 204 214 221 228 231 236 242 252 119   3   7  27 146 142 151 147 146 144 143 139 138 135 134 131 126 118 115 142 185 208 226 236 236 232 219 138  69  78  77  88 100  99  77  72  87  90  88
  2  26 119 175 178 133  22  32 127 171 189 188 189 192 176 147 134  52  11  17  26  18  13  19   9  73  96   8  37  20  24  25  21  34  58  87  82  58  78 138 139 113  13  80 158  10  13  48  49  26  19  21  34  14  19  46  89 101  83  24  80 118 129 127 135 137 137 135 138 141 146 147 151 158 160 165 173 178 184 191 198 203 212 221 227 231 234 239 250 207  21   1  37 148 144 150 150 147 145 142 140 135 131 131 128 121 115 130 194 220 220 231 238 236 230 190  98  73  77  86  98 106  88  73  81  91  86  91
  0  13 108 170 179 137  25  27 125 173 189 189 189 191 175 150 125  20  18  26  15  11  13   9  19 115  79   6  18  30  26  16  16  21  43  69  99  36  70 139 142 109  82 116 142  75  11  45  37  26  25  20  24  24  27  65 107 121  87  31  86 120 131 133 135 136 135 135 135 139 146 146 150 154 159 165 170 174 183 188 196 202 210 219 226 231 234 237 243 248  79   0  53 145 149 149 146 144 144 141 137 135 130 128 122 120 112 161 231 236 225 233 239 236 218 148  81  74  76  91 106 103  79  74  89  92  89  86
  0   9  97 172 182 143  34  24 124 173 189 189 191 191 176 149  99  23  29  13  11  12  12  15  71  78  56   7  17  40  17   7  24  20  35  41 101  69  93 140 133 118 132 157  69  37  25  30  30  28  27  25  19  24  45  96 122 120  77  38  90 120 128 134 137 138 136 135 138 139 143 145 149 152 159 163 167 172 181 188 194 202 209 216 225 228 232 235 239 252 148   0  66 143 151 148 145 144 142 139 139 137 131 128 122 116 113 184 239 236 228 235 238 232 193 117  87  79  78  96 105  90  76  83  94  88  83  71
  0   7  94 168 180 147  47  23 120 173 188 184 182 184 171 148 110  38  16  11  13  16  26  45  21  51  65  15  22  36  14  10  27  22  50  28  33  99 129 132  97  78 123 142  97  77  58  39  35  42  26  26  18  29  60 107 122 122  68  42  96 124 130 132 139 142 137 135 133 136 140 142 145 151 156 161 165 170 177 183 193 202 207 215 223 226 231 234 237 246 205  10  75 144 150 148 142 141 139 137 137 136 133 128 121 117 123 197 237 227 226 238 238 220 157 111  95  84  85  97 102  83  75  87  92  84  74  63
  1   5  81 166 182 155  51  23 117 172 187 187 185 187 173 151 116  32  13  14  13  17  19  24  17  43  53  21  26  22  22  12  22  28  64  21  14  80 121 117 111  55  21  39  47  54  80  91  96  62  26  23  19  43  77 115 123 125  61  54 105 128 132 133 139 140 138 136 132 134 137 142 143 151 155 159 162 166 175 179 189 197 206 213 219 225 228 233 236 240 236  53  85 144 146 150 142 142 138 136 137 137 134 128 120 119 130 204 236 224 225 239 235 197 127 107  97  84  87  97  89  71  77  93  86  79  71  74
  2   3  67 157 181 158  57  26 116 169 186 188 189 190 176 154 110  23  20  13  12  14  22  35  17  31  36  26  14  25  29   5  21  27  61  34  58  74  98 104  98 124  46  38  10  16  29  29  36  57  33  14  24  60  91 118 126 120  48  69 115 131 135 138 139 141 142 136 133 135 139 139 143 147 151 158 162 167 173 177 184 195 205 211 217 223 227 230 235 236 245 111  90 146 150 148 142 143 140 139 138 138 134 127 124 125 129 183 225 219 227 240 229 174 113 104  97  81  84  87  66  74  90  90  81  79  76  80
  5   1  54 150 178 158  71  31 113 168 186 187 187 189 173 156 130  42  20   7  15  39  49  21  11  32  31  22  26  20  33  15  25  44  40  61  37 101 112 112  54  87 116  76  39  22  23  28  26  18  21  13  38  72 101 117 124 103  39  83 123 134 141 140 142 141 139 137 135 135 135 138 143 148 151 155 160 164 170 173 181 191 201 209 216 220 226 229 234 234 242 179 109 141 135 142 143 145 146 143 141 140 135 130 129 133 135 144 173 193 230 239 221 158 104  97  86  78  87  70  57  89  92  79  72  79  81  76
  5   2  42 143 173 159  86  36 110 165 185 186 186 188 174 151 133  56  23   8  30  36  17  12  17  37  31  28  35  26  30  19  32  48  11  70  46  35  56 105  54  38 116 156  46  17  16  26  18  16  13  17  49  87 109 119 121  75  44 101 130 136 139 141 145 145 139 140 137 134 136 139 143 146 150 153 156 160 164 170 180 188 196 206 213 218 226 231 233 235 237 224 142 116  94 107 119 131 140 145 145 143 139 135 137 145 146 137 131 179 237 239 210 138 101  90  76  82  76  58  74  93  85  72  74  80  79  57
  4   1  40 139 175 165  89  38 107 163 182 186 187 189 177 147 117  59  26   9  19  17  13  17  30  34  23  45  28  13  20   7  32  27  27  85  99  29   9  46  52  50  86  94  13  21  13  19  14   8  16  34  62  99 110 120 114  42  59 120 134 135 139 142 144 145 143 143 140 136 136 138 141 146 150 153 156 158 166 170 177 182 192 203 209 216 224 230 233 235 236 243 158  67  58  64  77  92 105 119 126 133 136 139 147 157 144 129 137 199 241 234 188 118  89  68  72  83  55  62  90  85  79  74  88  81  65  36
  2   1  24 135 185 176 106  35 102 159 179 185 188 189 178 150 107  68  30  12  22  12  12  30  27  31  20  39  32  15  10  16  17  32  53  89 124  79  34  34  42  75  59  49  15  12  16  13  12   9  24  51  85 111 111 117  74  27  89 129 133 133 140 143 145 141 142 142 140 136 135 135 138 144 145 150 153 158 163 168 175 179 187 200 205 215 223 228 232 234 237 248 173  53  62  54  55  58  63  68  77  88  98 120 147 160 145 135 151 220 243 219 153  93  61  55  77  67  55  84  85  78  75  82  89  78  49  25
  5   1  19 134 185 181 125  40  98 159 179 185 187 191 182 140  91  75  27  15  11   8  27  33  18  32  18  38  36  29  14  20  23  18  12  54 105 136  89  79  90  48   8  18  23  12  13   9   9  13  35  68 100 111 115  98  20  52 117 134 134 135 139 141 142 142 144 141 140 139 135 133 137 140 145 148 152 154 160 164 171 176 185 196 204 213 220 226 230 233 236 244 209  67  77  78  71  63  51  40  36  32  33  55  96 137 184 169 174 230 238 194 112  56  35  59  62  60  81  91  74  74  74  87  86  70  38  23
 26  34  41 128 187 191 137  47  99 158 180 186 185 192 185 130  96  59  17  15  15  22  23  23  17  25  24  37  30  28  24  11  15  24  20  15  60 132 131  93  81  76  10  18  11  14  12   7   7  22  53  86 106 111 111  38  21  97 129 135 135 137 138 139 140 144 146 144 141 140 136 135 138 137 141 145 150 154 159 161 166 174 185 191 199 210 217 224 228 232 235 240 236 102  76  91  89  81  70  55  37  18   8   4  44 171 219 175 191 235 229 156  62  33  46  61  50  74  96  82  68  66  77  93  84  55  30  22
 70  68  73 125 184 195 147  62  98 157 181 187 186 194 184 125 106  62   9  18  29  22  12  20  18  21  31  32  37  31  13  11  14  18  39  23  12  67 127 127  87  94  21  14   9   8   6   8  13  43  68 102 112 112  51  15  73 124 130 133 135 139 138 140 140 143 145 144 144 140 139 137 137 139 137 141 147 150 157 159 164 172 179 186 197 208 214 221 227 229 233 237 245 147  67  93  96  91  81  71  57  37  16   1  42 194 219 172 208 231 188  74  25  37  52  48  62  92  86  62  59  65  87 101  78  58  39  30
 70  78  96 137 182 194 159  75  97 155 181 188 189 195 186 119 102  55  13  15  15  15  14  23  21  16  15  33  31  34  30  11  25  33  30  31  37  43  65  92 110  44  14  12  12   9   5  12  31  58  86 113 102  43  12  66 115 125 128 133 137 140 138 139 140 141 145 142 145 141 141 137 137 141 140 140 146 148 152 157 164 169 172 183 191 201 210 218 225 229 233 233 241 192  66  84  97  94  85  78  68  55  38  24  52 174 221 210 204 177  89  22  26  45  43  57  86  89  65  54  57  77 100  92  72  56  36  40
 55  93 107 134 179 187 157  81  97 154 181 186 189 195 185 119 100  42  10  17  19  22  19  24  23  10  24  56  31  45  53   9  23  60  29  47  35  50  84  94  47  48  10  12  12   5   6  22  55  77  82  59  22  30  78 106 120 126 129 134 136 138 139 141 140 142 144 144 146 145 144 142 140 140 138 138 143 147 149 155 161 167 173 177 184 196 205 213 221 227 232 233 239 226  85  75  90  91  88  83  81  67  62  63  76 176 234 214 142  75  35  30  47  45  54  83  94  73  50  53  68  96 100  83  69  42  41  41
 32  76  86 115 170 188 160  86  96 151 180 188 191 194 186 127  78  29   8  18  21  28  22  22  35  12  27  61  37  49  83  33  17  51  15  59  54  33  78 132  56  29  10  12  11  12  12  24  37  28  23  34  66  95 112 119 121 126 129 133 135 136 140 139 139 143 143 146 148 148 146 144 143 139 141 141 141 145 149 153 159 164 170 179 185 192 201 210 218 225 230 233 237 239 120  64  82  88  92  88  86  79  85  87  85 158 201 143  67  51  45  53  52  55  85 100  76  55  40  54  86 104  97  83  52  36  44  33
 18  44  69 102 163 185 162 100  97 148 179 189 192 196 186 141  47  17  12  17  16  32  28  29  45  14  26  57  25  47 103  68  11  64  39  23  74  39  81 109  95  35  10  13  12  11  12  19  32  51  70  92 108 115 119 123 125 124 126 130 132 136 137 136 140 142 142 145 147 148 146 145 144 141 141 143 142 143 148 153 158 163 168 175 184 192 200 205 214 221 227 233 234 243 164  56  74  83  92  97  92  92 103 103  98 111 113  75  62  66  69  60  51  75  94  80  55  41  40  77 101 109  98  74  44  34  33  22
 25  33  50  84 162 198 178 114  99 147 180 190 193 197 185 118  38  25  15  18  15  33  30  29  49  17  21  63  11  38  82  95  12  58  88   9  54  64  47  99  73  39   8  15  10  13  28  56  78  96 102 110 117 119 122 124 126 123 125 131 135 135 134 138 141 140 143 142 146 147 146 148 146 147 144 144 144 147 149 151 155 159 165 172 178 187 194 201 208 216 223 231 231 239 202  60  67  82  92 100 100 106 110 106 105  96  87  79  87  91  75  59  68  84  72  55  53  45  58  97 112 105  87  56  34  29  25  20
 22  26  31  73 185 223 214 145 103 148 180 189 193 197 181  95  32  22  21  15  20  29  27  33  36  33  23  83  12  45  73 102  63  21  82  28  23  80  36  60  81  35   9   9  17  28  56  83  98 107 110 110 118 121 123 122 125 127 128 129 132 133 137 136 137 140 141 141 145 146 148 150 148 149 148 148 148 148 151 153 154 158 166 173 178 186 191 198 205 216 221 226 229 233 227  82  59  80  90  96 106 114 112 108 106 101  94  96 108  99  77  73  84  77  53  46  49  56  88 113 114  94  68  39  27  28  23  35
 18  21  24  73 198 221 217 170 105 147 179 188 190 194 179 116  38  15  18  20  28  30  37  51  31  38  45  77  16  57  70  68 102  12  71  52  25  56  46  35  77  90  47   3  24  53  74  92 101 107 113 113 118 123 121 122 127 128 129 128 132 134 135 134 140 140 140 142 145 147 147 147 148 149 152 151 151 148 151 156 157 160 167 171 173 183 187 197 203 212 219 224 228 232 238 124  52  75  83  90 105 111 116 115 108 106 110 120 117  93  78  82  71  63  64  58  57  83 116 121 102  75  43  22  20  29  45  70
 15  20  18  57 191 218 213 165 106 150 178 190 191 195 178  84  34  13  17  23  26  39  41  49  40  38  91  56  24  59  61  43  82  63  77  56  10  42  45  17  48  57  87  43  50  68  79  95 103 111 115 118 120 122 122 124 125 127 129 129 130 136 136 132 135 139 141 141 146 147 145 145 148 149 152 152 151 152 153 155 160 161 166 171 172 178 185 195 203 209 214 221 226 230 239 171  74  73  74  86  97 112 128 122 116 117 132 133 111  83  72  60  53  68  73  64  70 103 125 120  88  46  23  13  20  42  75  90
